2,42
time 1 8263121
0, 221, 383
0, 221, 383
time 2
0, 221, 383
0, 221, 383
time 3
0, 221, 383
0, 221, 383
time 4
0, 221, 383
0, 221, 383
time 5
0, 221, 383
0, 221, 383
time 6
0, 221, 383
0, 221, 383
time 7
0, 221, 383
0, 221, 383
time 8
0, 221, 383
0, 221, 383
time 9
0, 221, 383
0, 221, 383
time 10
0, 221, 383
0, 221, 383
time 11
0, 221, 383
0, 221, 383
time 12
0, 221, 383
0, 221, 383
time 13
0, 221, 383
0, 221, 383
time 14
0, 221, 383
0, 221, 383
time 15
0, 221, 383
0, 221, 383
time 16
0, 221, 383
0, 221, 383
time 17
0, 221, 383
0, 221, 383
time 18
0, 221, 383
0, 221, 383
time 19
0, 221, 383
0, 221, 383
time 20
1, 221, 383
0, 221, 383
time 21
1, 206, 374
0, 221, 383
time 22
1, 206, 374
0, 221, 383
time 23
1, 206, 374
0, 221, 383
time 24
1, 206, 374
0, 221, 383
time 25
1, 206, 374
0, 221, 383
time 26
1, 192, 379
0, 221, 383
time 27
1, 192, 379
0, 221, 383
time 28
1, 191, 379
0, 221, 383
time 29
1, 192, 379
0, 221, 383
time 30
1, 192, 379
0, 221, 383
time 31
1, 191, 388
0, 221, 383
time 32
1, 191, 388
0, 221, 383
time 33
1, 191, 388
0, 221, 383
time 34
1, 201, 396
0, 221, 383
time 35
1, 201, 396
0, 221, 383
time 36
1, 201, 396
0, 221, 383
time 37
1, 201, 396
0, 221, 383
time 38
1, 218, 399
0, 221, 383
time 39
1, 218, 399
0, 221, 383
time 40
1, 218, 399
0, 221, 383
time 41
1, 218, 399
0, 221, 383
time 42
1, 218, 399
0, 221, 383