2,40
time 1 seed 67363
0,670,957
0,670,957
time 2
0,670,957
0,670,957
time 3
0,670,957
0,670,957
time 4
0,670,957
0,670,957
time 5
0,670,957
0,670,957
time 6
0,670,957
0,670,957
time 7
0,670,957
0,670,957
time 8
0,670,957
0,670,957
time 9
0,670,957
0,670,957
time 10
0,670,957
0,670,957
time 11
0,670,957
0,670,957
time 12
0,670,957
0,670,957
time 13
0,670,957
0,670,957
time 14
0,670,957
0,670,957
time 15
0,670,957
0,670,957
time 16
0,670,957
0,670,957
time 17
0,670,957
0,670,957
time 18
0,670,957
0,670,957
time 19
0,670,957
0,670,957
time 20
0,670,957
0,670,957
time 21
0,670,957
0,670,957
time 22
2,670,957
2,670,957
time 23
0,696,723
0,708,723
time 24
0,696,723
0,708,723
time 25
0,696,723
0,702,724
time 26
0,696,723
0,702,724
time 27
0,696,723
0,702,724
time 28
0,696,723
0,702,724
time 29
0,696,722
0,702,722
time 30
0,696,722
0,702,722
time 31
0,696,722
0,702,722
time 32
3,0,0
3,0,0
time 33
0,696,716
0,708,723
time 34
3,0,0
3,0,0
time 35
0,702,718
0,709,718
time 36
3,0,0
3,0,0
time 37
0,697,714
0,701,724
time 38
3,0,0
3,0,0
time 39
0,500,500
0,500,500
time 40
0,500,500
0,500,500