6,11
time1 seed 598433
0,360,300
0,364,303
0,358,302
0,361,294
0,355,305
0,250,200
time2
0,360,300
0,364,303
0,358,302
0,361,294
0,355,305
0,250,200
time3
0,360,300
0,364,303
0,358,302
0,361,294
0,355,305
0,250,200
time4
0,353,290
0,352,291
0,352,290
0,353,291
0,351,290
0,352,290
time5
0,353,290
0,352,291
0,352,290
0,353,291
0,351,290
0,352,290
time6
0,353,290
0,352,291
0,352,290
0,353,291
0,351,290
0,352,290
time7
0,353,290
0,352,291
0,352,290
0,353,291
0,351,290
0,352,290
time 8
0,353,290
0,352,291
0,352,290
0,353,291
0,351,290
0,352,290
time 9
0,353,290
0,352,291
0,352,290
0,353,291
0,351,290
1,0,0
time 10
0,353,290
0,352,291
0,352,290
0,353,291
0,351,290
0,310,160
time 11
0,353,290
0,352,291
0,352,290
0,353,291
0,351,290
0,310,160
