8,35
time 1 8263121
0, 86, 266
0, 86, 263
0, 83, 266
0, 84, 265
0, 85, 264
0, 89, 263
0, 83, 269
0, 84, 264
time 2 8263121
0, 86, 266
0, 86, 263
0, 83, 266
0, 84, 265
0, 85, 264
0, 89, 263
0, 83, 269
0, 84, 264
time 3 8263121
0, 86, 266
0, 86, 263
0, 83, 266
0, 84, 265
0, 85, 264
0, 89, 263
0, 83, 269
0, 84, 264
time 4 8263121
0, 86, 266
0, 86, 263
0, 83, 266
0, 84, 265
0, 85, 264
0, 89, 263
0, 83, 269
0, 84, 264
time 5 8263121
0, 86, 266
0, 86, 263
0, 83, 266
0, 84, 265
0, 85, 264
0, 89, 263
0, 83, 269
0, 84, 264
time 6 8263121
0, 86, 266
0, 86, 263
0, 83, 266
0, 84, 265
0, 85, 264
0, 89, 263
0, 83, 269
0, 84, 264
time 7 8263121
0, 86, 266
0, 86, 263
0, 83, 266
0, 84, 265
0, 85, 264
0, 89, 263
0, 83, 269
0, 84, 264
time 8 8263121
0, 86, 266
0, 86, 263
0, 83, 266
0, 84, 265
0, 85, 264
0, 89, 263
0, 83, 269
0, 84, 264
time 9 8263121
0, 86, 266
0, 86, 263
0, 83, 266
0, 84, 265
0, 85, 264
0, 89, 263
0, 83, 269
0, 84, 264
time 10 8263121
0, 86, 266
0, 86, 263
0, 83, 266
0, 84, 265
0, 85, 264
0, 89, 263
0, 83, 269
0, 84, 264
time 11 8263121
0, 86, 266
0, 86, 263
0, 83, 266
0, 84, 265
0, 85, 264
0, 89, 263
0, 83, 269
0, 84, 264
time 12 8263121
0, 86, 266
0, 86, 263
0, 83, 266
0, 84, 265
0, 85, 264
0, 89, 263
0, 83, 269
0, 84, 264
time 13 8263121
0, 86, 266
0, 86, 263
0, 83, 266
0, 84, 265
0, 85, 264
0, 89, 263
0, 83, 269
0, 84, 264
time 14 8263121
0, 86, 266
0, 86, 263
0, 83, 266
0, 84, 265
0, 85, 264
0, 89, 263
0, 83, 269
0, 84, 264
time 15 8263121
0, 86, 266
0, 86, 263
0, 83, 266
0, 84, 265
0, 85, 264
0, 89, 263
0, 83, 269
0, 84, 264
time 16
0, 686, 866  
0, 686, 863  
0, 683, 866  
0, 684, 865  
0, 685, 864  
0, 689, 863  
0, 683, 869  
0, 684, 864
time 17
0, 686, 866  
0, 686, 863  
0, 683, 866  
0, 684, 865  
0, 685, 864  
0, 689, 863  
0, 683, 869  
0, 684, 864
time 18
0, 686, 866  
0, 686, 863  
0, 683, 866  
0, 684, 865  
0, 685, 864  
0, 689, 863  
0, 683, 869  
0, 684, 864
time 19
0, 686, 866  
0, 686, 863  
0, 683, 866  
0, 684, 865  
0, 685, 864  
0, 689, 863  
0, 683, 869  
0, 684, 864
time 20
0, 686, 866  
0, 686, 863  
0, 683, 866  
0, 684, 865  
0, 685, 864  
0, 689, 863  
0, 683, 869  
0, 684, 864
time 21
0, 686, 866  
0, 686, 863  
0, 683, 866  
0, 684, 865  
0, 685, 864  
0, 689, 863  
0, 683, 869  
0, 684, 864
time 22
0, 686, 866  
0, 686, 863  
0, 683, 866  
0, 684, 865  
0, 685, 864  
0, 689, 863  
0, 683, 869  
0, 684, 864
time 23
0, 686, 866  
0, 686, 863  
0, 683, 866  
0, 684, 865  
0, 685, 864  
0, 689, 863  
0, 683, 869  
0, 684, 864
time 24
0, 686, 866  
0, 686, 863  
0, 683, 866  
0, 684, 865  
0, 685, 864  
0, 689, 863  
0, 683, 869  
0, 684, 864
time 25
0, 686, 866  
0, 686, 863  
0, 683, 866  
0, 684, 865  
0, 685, 864  
0, 689, 863  
0, 683, 869  
0, 684, 864
time 26
0, 686, 866  
0, 686, 863  
0, 683, 866  
0, 684, 865  
0, 685, 864  
0, 689, 863  
0, 683, 869  
0, 684, 864
time 27
0, 686, 866  
0, 686, 863  
0, 683, 866  
0, 684, 865  
0, 685, 864  
0, 689, 863  
0, 683, 869  
0, 684, 864
time 28
0, 686, 866  
0, 686, 863  
0, 683, 866  
0, 684, 865  
0, 685, 864  
0, 689, 863  
0, 683, 869  
0, 684, 864
time 29
0, 686, 866  
0, 686, 863  
0, 683, 866  
0, 684, 865  
0, 685, 864  
0, 689, 863  
0, 683, 869  
0, 684, 864
time 30
0, 686, 866  
0, 686, 863  
0, 683, 866  
0, 684, 865  
0, 685, 864  
0, 689, 863  
0, 683, 869  
0, 684, 864
time 30
0, 686, 866  
0, 686, 863  
0, 683, 866  
0, 684, 865  
0, 685, 864  
0, 689, 863  
0, 683, 869  
0, 684, 864
time 30
0, 686, 866  
0, 686, 863  
0, 683, 866  
0, 684, 865  
0, 685, 864  
0, 689, 863  
0, 683, 869  
0, 684, 864
time 30
0, 686, 866  
0, 686, 863  
0, 683, 866  
0, 684, 865  
0, 685, 864  
0, 689, 863  
0, 683, 869  
0, 684, 864
time 30
0, 686, 866  
0, 686, 863  
0, 683, 866  
0, 684, 865  
0, 685, 864  
0, 689, 863  
0, 683, 869  
0, 684, 864
time 30
0, 686, 866  
0, 686, 863  
0, 683, 866  
0, 684, 865  
0, 685, 864  
0, 689, 863  
0, 683, 869  
0, 684, 864